Row.names	C10orf71	ASIC4	RALGAPB	PTPRG	TUBG2	KIAA1755	CACNA1E	TSPAN4	TMEM132A	SMARCA2	MOV10	LRFN4	ABCC9	C2CD5	CTRB1	ATMIN	SH2D3A	HTRA3	KCNH4	PLEKHH3	NSD2	AK9	PDE1C	LRGUK	MTSS1	GPT	C2CD4D	KIF20B	SHISA7	SSC5D	PRDM15	BCL11B	ABR	FCRL5	NFATC4	C19orf47	ERBB4	ALDH4A1	ARID1A	TET3	DHX58	DHX30	PPP1R16A	DNAJC4	PLEKHG3	ZNF524	AMPD1	KCNK13	IRGQ	KCNAB3	FIZ1	CNTN5	CAPN13	ADAM15	FBXW10	PIDD1	SLC13A3	CAMSAP1	SHE	CES5A	IGFBP3	RHOBTB2	POSTN	chr10.18586122.A.11	chr10.20176976.T.8	chr10.22318940.T.8	chr10.102145006.C.8	chr11.102776456.A.9	chr12.7716181.T.7	chr12.68650387.T.9	chr13.101144918.A.7	chr14.39151680.A.11	chr14.49654731.T.10	chr14.95196611.T.8	chr15.27955158.T.7	chr15.30959130.A.10	chr15.65388901.G.7	chr17.28132599.T.9	chr17.31226701.T.8	chr17.58370936.G.6	chr17.72849810.A.15	chr17.75518974.T.12	chr18.10741065.T.8	chr18.68700489.A.15	chr19.6908664.T.13	chr19.16480550.A.12	chr1.25448883.T.8	chr1.150622878.A.14	chr1.160332564.A.10	chr1.172600036.A.9	chr1.219210662.A.9	chr1.235663082.A.13	chr20.13580985.A.16	chr2.61081434.T.15	chr2.108906291.T.8	chr2.176326805.T.9	chr2.178598719.A.8	chr2.236486815.A.8	chr3.195868357.G.8	chr4.344314.T.8	chr4.76384668.A.9	chr4.113661777.A.11	chr4.122349366.A.8	chr4.183641472.A.8	chr5.6623292.A.12	chr5.37221307.A.10	chr5.134525729.T.6	chr5.179723787.T.11	chr6.43054520.G.7	chr6.54160727.T.9	chr6.70142715.T.9	chr6.96534235.T.13	chr7.77404617.A.8	chr8.11304999.A.8	chr8.123805365.T.14	chr9.137272625.G.7	chrX.136713376.A.8	chr1.186119970.T.10	chr1.200173936.T.19	Cohort	ipfs	ipfsev
1	IMSI0146TSFP	0	0	0	0	0	0	0	0	0	0	0	0	0	0	0	0	0	0	0	0	0	0	0	0	0	0	0	0	0	0	0	0	0	0	0	0	0	0	0	0	0	0	0	0	0	0	0	0	0	0	0	0	0	0	0	0	0	0	0	0	0	0	0	1	0	0	0	0	0	0	0	1	0	0	0	0	0	0	0	0	1	0	0	0	0	0	0	0	0	0	0	0	0	1	0	0	0	0	0	0	0	0	0	0	0	0	0	0	0	0	0	1	0	0	1	0	0	NA	1	NIPICOL	24.8049281314168	0
2	IMSI0147TSFP	0	0	0	0	0	0	0	0	0	0	0	1	1	0	0	0	0	0	0	0	0	0	0	0	0	0	0	0	0	0	0	0	0	1	0	1	0	0	0	0	0	0	0	0	0	0	0	0	0	0	0	0	0	0	0	0	0	0	0	0	0	0	0	1	0	0	0	0	0	0	0	1	1	0	0	0	0	0	0	0	1	1	0	1	1	NA	0	1	0	0	0	1	1	1	0	1	1	0	0	0	0	1	0	0	1	0	0	1	0	1	0	1	0	0	1	0	0	1	1	NIPICOL	15.7043121149897	0
3	IMSI0148TSFP	1	0	0	0	0	0	0	0	0	0	0	0	0	1	1	1	0	0	1	0	0	0	0	1	0	1	0	0	0	1	0	1	0	0	1	0	0	1	0	0	1	1	1	0	0	0	0	0	0	0	0	0	0	0	0	0	0	0	0	0	0	0	0	1	0	0	0	0	0	0	0	1	1	0	0	0	0	0	0	0	1	1	0	1	1	1	0	1	0	0	0	1	1	1	0	0	0	0	0	1	0	1	0	1	1	0	0	1	0	0	0	1	1	0	1	0	NA	1	1	NIPICOL	18.0698151950719	0
4	IMSI0150TSFP	0	0	0	0	1	0	1	1	0	0	1	0	0	0	0	0	0	0	0	1	0	0	0	0	0	0	0	0	1	0	0	0	0	0	0	0	1	0	0	1	0	0	0	0	0	1	0	0	1	0	1	0	0	0	1	0	0	0	0	0	0	0	0	0	0	1	0	0	0	0	0	1	1	0	0	1	0	0	0	0	1	1	0	1	1	1	0	1	0	0	0	1	1	1	0	0	0	0	0	0	0	1	0	0	1	0	0	1	0	0	0	1	0	0	1	1	0	1	1	NIPICOL	25.2977412731006	0
5	IMSI0151TSFP	0	0	0	0	0	0	0	0	0	0	0	0	0	0	0	0	0	0	0	0	0	0	0	0	0	1	1	0	0	0	0	0	0	0	0	0	0	0	0	0	0	0	0	1	0	0	0	1	0	0	0	0	0	0	0	1	0	0	0	0	1	0	0	1	0	0	0	0	0	0	0	NA	1	0	0	0	0	0	0	0	1	1	0	1	1	1	0	1	0	0	0	1	1	1	0	0	0	0	0	0	0	1	0	0	1	0	0	0	0	1	0	1	NA	0	1	0	0	NA	1	NIPICOL	25.0349075975359	0
6	IMSI0152TSFP	0	0	1	0	1	0	0	0	0	0	0	1	0	0	0	0	0	0	0	1	0	0	0	0	0	0	0	0	0	0	0	0	0	1	0	0	0	0	0	0	0	0	0	0	1	0	0	0	0	0	0	0	0	0	0	0	1	0	0	0	0	0	0	1	0	0	0	0	0	0	1	1	1	1	0	0	0	0	0	0	1	1	0	1	1	1	0	1	0	0	0	1	1	1	0	0	0	1	0	0	1	1	0	0	1	1	0	1	0	0	1	1	0	0	1	1	0	NA	1	NIPICOL	24.8049281314168	0
7	IMSI0153TSFP	0	0	0	1	1	0	0	0	0	0	0	0	0	0	0	0	0	0	0	1	0	0	0	0	0	0	0	0	0	1	0	1	0	0	0	0	0	0	0	0	0	0	1	0	0	0	0	0	0	0	0	0	0	0	0	0	0	0	0	0	0	0	0	1	0	0	1	0	0	0	0	NA	1	0	0	0	0	1	0	0	0	1	0	1	1	1	0	1	0	1	0	1	1	1	0	0	0	0	0	0	0	1	1	0	1	0	0	1	0	0	0	1	0	1	1	0	0	1	1	NIPICOL	25.6262833675565	0
8	IMSI0154MSFP	0	0	1	0	0	0	0	0	0	0	0	0	0	0	0	0	0	0	0	0	0	0	0	0	0	0	0	0	0	0	0	0	0	0	0	0	0	0	0	0	0	0	0	0	0	0	0	0	0	1	0	0	0	0	0	1	0	0	0	0	0	0	1	1	0	0	0	0	0	0	0	1	1	0	0	0	1	0	0	0	1	1	0	1	1	1	0	1	0	0	0	1	1	1	0	0	0	0	0	0	0	1	0	0	1	1	0	1	0	1	0	1	NA	0	1	0	0	NA	NA	NIPICOL	10.9733059548255	0
9	IMSI0155TSFP	0	0	0	0	0	0	0	0	0	0	0	0	0	0	0	0	0	0	0	0	0	1	0	0	0	0	0	0	0	0	0	0	0	0	0	0	0	0	0	0	0	0	0	0	0	0	0	0	0	0	0	0	0	0	0	0	0	0	0	0	0	1	0	NA	0	0	0	0	0	0	0	1	1	0	0	1	0	0	0	0	1	1	0	1	1	1	0	1	0	0	0	1	0	1	0	0	0	0	0	0	0	1	0	0	1	0	0	1	0	0	0	1	0	0	1	0	0	NA	1	NIPICOL	21.8151950718686	0
10	IMSI0156TSFP	0	0	0	0	0	0	0	0	0	0	0	0	0	0	0	0	0	0	0	0	0	0	0	0	0	0	0	0	0	0	0	0	0	0	0	0	0	0	0	0	0	0	0	0	0	0	0	0	0	0	0	0	0	0	0	0	0	0	0	0	0	0	0	1	0	0	0	0	0	0	0	0	1	0	0	0	0	0	0	0	1	0	0	1	1	NA	0	0	0	0	0	1	1	0	0	0	0	0	0	0	0	1	0	0	1	1	0	1	0	0	0	1	0	0	1	0	0	1	1	NIPICOL	14.6858316221766	0
11	IMSI0158TSFP	1	0	0	0	0	0	0	0	0	0	0	0	0	0	0	0	0	0	0	0	0	0	1	0	1	0	0	1	0	0	0	0	0	0	0	0	0	0	0	0	0	0	0	0	0	0	0	0	0	0	0	0	0	0	0	1	0	0	0	0	0	0	0	1	0	0	0	0	0	0	0	1	1	0	1	0	0	0	0	0	1	1	0	1	1	1	0	1	0	0	0	1	1	1	0	0	0	0	0	0	0	1	0	0	1	0	0	1	0	0	0	1	0	0	1	0	1	1	NA	NIPICOL	14.2258726899384	0
12	IMSI0160TSFP	1	0	0	1	1	1	0	0	0	1	0	1	1	0	0	1	0	1	1	1	0	0	0	0	0	1	0	0	0	1	1	0	0	1	1	0	1	0	1	1	1	1	1	0	1	0	0	0	0	1	0	0	0	1	0	0	1	0	1	0	0	0	0	0	1	0	0	1	1	0	1	1	0	1	1	1	1	0	1	1	0	1	0	1	1	NA	0	0	0	1	0	0	0	1	0	1	0	0	0	0	1	1	0	1	0	1	0	0	0	1	1	1	0	0	1	1	0	0	1	NIPICOL	3.81108829568789	1
13	IMSI0162TSFP	0	1	0	0	0	0	0	0	0	0	0	0	0	0	0	0	1	0	0	0	0	0	0	0	0	1	0	0	0	0	0	0	1	0	0	0	0	0	0	0	0	0	0	0	0	0	0	0	0	0	0	0	1	0	0	0	0	0	0	0	0	0	0	NA	0	0	0	0	1	0	0	1	NA	0	0	0	0	1	NA	0	1	1	0	1	1	1	0	1	0	0	0	1	1	1	0	0	0	0	0	0	0	1	0	0	1	0	0	1	0	0	0	1	0	0	1	0	0	1	NA	NIPICOL	19.2197125256674	0
14	IMSI0163TSFP	1	1	1	0	1	0	1	1	1	0	1	1	1	1	1	0	0	0	1	1	0	1	1	1	0	1	1	1	0	1	1	1	1	1	0	1	0	1	1	0	1	1	1	1	1	1	1	1	1	0	1	1	1	0	1	1	1	1	0	1	1	1	1	NA	0	1	1	0	1	1	0	1	1	0	1	1	0	1	0	0	1	0	1	0	0	1	1	0	1	1	0	0	1	0	1	0	1	1	1	0	1	0	1	0	1	0	1	0	1	1	0	0	1	1	1	0	1	1	1	NIPICOL	4.8952772073922	1
15	IMSI0164TSFP	1	1	1	1	1	1	1	1	1	1	1	0	1	1	1	0	1	1	1	1	1	1	0	1	1	1	0	1	1	1	1	1	1	0	1	0	1	1	0	0	1	0	1	0	1	0	1	0	0	1	1	1	0	1	1	1	1	1	0	1	1	0	0	0	1	1	1	0	1	1	1	0	1	1	0	1	0	1	1	1	0	0	1	1	1	0	1	1	1	1	1	1	0	1	1	1	1	1	1	1	1	0	1	1	0	1	0	1	0	1	0	1	1	1	1	1	1	0	1	NIPICOL	0.624229979466119	1
16	IMSI0165TSFP	0	0	0	0	0	0	0	0	0	0	0	0	0	0	0	0	0	0	0	0	0	0	0	0	0	0	0	0	0	0	0	0	0	0	0	0	0	0	0	0	0	0	0	0	0	0	0	0	0	0	0	0	0	0	0	0	0	0	0	0	0	0	0	1	0	0	0	0	0	0	0	1	1	0	0	0	0	0	0	0	1	1	1	1	1	NA	0	1	1	0	0	1	1	1	0	0	0	1	0	0	1	1	0	0	1	0	0	1	0	0	0	1	0	0	1	0	0	NA	1	NIPICOL	22.2094455852156	0
17	IMSI0167TSFP	0	0	0	0	0	0	0	0	0	0	0	0	0	0	0	0	0	0	0	0	0	0	0	0	0	0	0	0	0	1	0	0	0	0	0	0	0	0	1	0	1	0	0	0	0	0	0	0	0	0	0	0	0	0	0	0	0	1	0	0	0	0	0	NA	0	0	0	NA	1	NA	0	NA	NA	0	0	1	0	0	NA	0	1	1	0	NA	1	NA	0	1	0	0	0	1	1	1	0	0	NA	0	0	0	0	0	NA	0	1	NA	0	NA	0	0	NA	1	0	0	NA	0	NA	NA	1	NIPICOL	18.3655030800821	0
18	IMSI0168TSFP	1	0	0	0	0	1	0	0	1	0	0	0	1	0	0	0	0	1	0	0	0	0	0	0	0	0	0	0	0	0	0	0	0	0	0	0	0	0	0	0	0	0	0	0	1	0	0	0	0	0	0	0	0	0	0	0	0	0	0	0	0	0	0	NA	0	0	0	NA	0	0	0	NA	1	0	0	0	0	1	NA	0	1	1	0	1	1	NA	0	1	0	0	0	1	1	1	1	NA	0	0	1	0	0	1	NA	0	1	NA	0	1	0	0	NA	NA	0	0	NA	0	0	NA	1	NIPICOL	14.2258726899384	0
19	IMSI0170TSFP	0	0	0	0	0	0	0	0	0	0	0	0	0	0	0	0	0	0	1	0	0	0	0	0	0	0	0	0	0	0	1	0	0	0	0	0	0	0	0	0	0	0	0	0	0	0	0	0	0	0	0	0	0	1	0	0	0	0	0	0	0	0	0	1	0	0	0	0	0	0	0	NA	1	0	0	0	0	0	0	0	1	1	0	1	1	NA	0	1	0	1	0	1	NA	1	0	0	0	0	0	0	0	1	0	0	1	NA	0	1	0	0	0	1	0	0	1	0	0	NA	1	NIPICOL	13.6016427104723	0
20	IMSI0172TSFP	0	0	1	0	0	0	0	0	0	1	0	0	0	0	0	0	0	0	0	0	0	0	0	0	0	0	0	0	0	0	0	0	0	0	0	0	0	0	0	0	0	0	0	0	0	0	1	0	0	0	0	0	0	0	0	0	0	0	1	1	0	0	0	1	0	0	0	0	0	0	0	NA	1	0	1	0	0	0	0	1	1	1	0	1	1	NA	0	1	0	0	0	1	1	1	0	0	0	0	0	0	0	1	0	0	1	0	0	1	0	0	0	0	0	0	1	0	0	1	1	NIPICOL	16.4599589322382	0
21	IMSI0175TSFP	0	0	0	0	0	0	0	0	0	0	0	0	0	0	0	0	0	0	0	0	1	1	0	0	0	0	0	0	0	0	0	0	0	0	0	0	0	0	1	0	0	0	0	0	0	0	0	0	0	0	1	1	0	0	0	0	0	0	0	0	0	0	0	1	1	0	0	1	0	0	0	NA	1	0	0	0	0	0	NA	0	1	1	0	1	1	1	0	1	0	0	0	1	1	1	0	0	0	0	0	0	0	1	NA	0	1	0	0	1	0	0	0	1	0	0	NA	0	0	NA	1	NIPICOL	19.2525667351129	0
22	IMSI0185TSFP	0	0	1	0	0	0	1	0	0	0	0	1	0	0	0	1	1	0	0	0	1	1	1	0	1	0	1	0	1	0	0	1	0	1	0	1	0	0	1	1	0	1	0	1	0	1	0	1	1	0	1	0	1	0	0	1	0	0	1	0	0	1	1	1	1	0	0	1	0	0	0	0	0	0	1	0	1	1	0	0	1	0	0	0	0	0	1	0	0	0	1	0	0	0	0	0	0	1	1	1	0	0	0	0	1	1	1	0	1	0	1	0	0	0	0	1	0	1	0	NIPICOL	1.31416837782341	1
23	IMSI0186TSFP	0	0	0	0	0	0	0	0	0	0	0	0	0	0	0	0	0	0	0	0	0	0	0	0	0	0	0	0	0	0	0	0	0	0	0	0	0	0	0	0	0	1	0	0	0	0	0	0	0	0	0	0	0	0	0	0	0	0	0	0	0	0	0	1	0	0	0	0	0	1	0	1	1	0	0	0	0	0	1	0	1	1	0	1	1	1	0	1	0	0	1	1	1	1	0	0	0	0	1	0	1	1	0	0	1	0	1	1	1	0	0	1	0	0	1	0	0	1	1	NIPICOL	13.8316221765914	0
24	RICKI-001T	1	1	1	1	0	0	0	0	0	0	0	0	0	0	0	0	0	0	0	0	0	0	0	0	0	0	0	0	0	0	0	0	0	0	0	0	0	0	0	0	0	0	0	0	0	0	0	0	0	0	0	0	0	0	0	0	0	0	0	0	0	0	0	1	0	0	0	1	0	0	0	1	0	0	NA	0	0	0	0	1	NA	1	0	NA	1	1	1	NA	1	0	NA	NA	1	NA	0	NA	0	0	NA	0	1	1	0	0	1	1	1	1	0	0	1	NA	1	0	1	0	1	1	NA	RICKI	66.0333333333333	0
25	RICKI-003T	0	0	0	0	0	0	1	1	1	0	0	0	0	0	0	0	0	0	0	0	0	0	0	0	0	0	0	0	0	0	0	0	0	0	0	0	0	0	0	0	0	0	0	0	0	0	0	0	0	0	0	0	0	0	0	0	0	0	0	0	0	0	0	0	1	0	NA	1	0	0	0	1	0	0	0	0	0	1	0	0	NA	1	0	NA	1	1	0	NA	0	0	0	NA	1	NA	0	NA	0	0	NA	0	0	1	0	0	1	1	0	0	0	1	0	NA	1	NA	NA	0	0	NA	NA	RICKI	67.8666666666667	0
26	RICKI-005T	0	0	0	0	0	0	0	0	0	1	0	0	0	0	0	0	0	0	0	0	0	0	0	0	0	0	0	0	0	0	0	0	0	0	0	0	0	0	0	0	0	0	0	0	0	0	0	0	0	0	0	0	0	0	0	0	0	0	0	0	0	0	0	0	0	0	NA	0	0	1	NA	1	1	0	0	0	0	0	0	0	NA	1	1	NA	NA	1	0	NA	1	NA	NA	NA	1	NA	0	NA	0	0	NA	1	0	1	0	0	1	1	0	0	1	1	NA	NA	0	0	NA	0	NA	NA	NA	RICKI	41.3666666666667	0
27	RICKI-006T	0	0	1	0	0	0	0	0	1	0	1	1	1	1	1	1	1	1	0	0	0	0	0	0	0	0	0	0	0	0	0	0	0	0	0	0	0	0	0	0	0	0	0	0	0	0	0	0	0	0	0	0	0	0	0	0	0	0	0	0	0	0	0	1	0	0	0	0	0	0	0	1	1	0	0	0	0	0	0	0	NA	0	0	NA	0	1	0	NA	0	NA	0	NA	NA	NA	0	0	0	0	NA	0	0	1	0	0	0	1	0	0	0	0	0	1	0	1	NA	0	0	1	NA	RICKI	35.8333333333333	0
28	RICKI-007T	0	0	0	0	0	0	0	0	0	0	0	0	0	0	0	0	0	0	1	1	1	1	1	1	1	1	0	0	0	0	0	0	0	0	0	0	0	0	0	0	0	0	0	0	0	0	0	0	0	0	0	0	0	0	0	0	0	0	0	0	0	0	0	1	0	0	1	1	1	1	0	1	NA	1	NA	0	0	1	0	NA	NA	0	0	NA	1	1	0	NA	1	NA	1	NA	1	NA	0	NA	1	1	NA	0	1	0	0	1	1	1	0	1	0	1	0	1	0	0	NA	1	0	NA	NA	RICKI	14.5483870967742	1
29	RICKI-008T	0	0	0	0	0	0	0	0	0	0	0	0	0	0	0	0	0	0	0	0	0	1	0	0	0	0	1	1	1	1	1	0	0	0	0	0	0	0	0	0	0	0	0	0	0	0	0	0	0	0	0	0	0	0	0	0	0	0	0	0	0	0	0	NA	0	0	0	1	0	NA	0	1	NA	0	NA	1	1	0	NA	0	NA	1	0	NA	1	1	0	NA	0	NA	NA	NA	1	NA	0	NA	0	0	NA	0	0	1	NA	0	1	NA	0	1	0	0	NA	NA	NA	0	NA	0	NA	1	NA	RICKI	46.4333333333333	0
30	RICKI-009T	0	0	0	0	0	0	0	1	0	0	0	0	0	0	0	0	0	0	0	0	0	0	1	0	0	0	0	0	0	1	0	0	0	0	0	0	0	0	0	0	0	0	0	0	0	0	0	0	0	0	0	0	0	0	0	0	0	0	0	0	0	0	0	1	1	0	0	1	0	NA	NA	0	NA	0	0	0	0	0	0	0	NA	1	0	NA	1	1	0	NA	0	NA	NA	NA	1	NA	0	NA	0	0	NA	0	1	1	NA	0	0	0	0	0	0	0	1	NA	NA	0	1	0	0	1	NA	RICKI	22.7741935483871	0
31	RICKI-011T	0	0	0	0	0	0	0	0	0	0	0	0	0	0	0	0	0	0	1	0	0	1	1	0	0	0	0	0	0	0	0	1	1	0	0	0	0	0	0	0	0	0	0	0	0	0	0	0	0	0	0	0	0	0	0	0	0	0	0	0	0	0	0	1	0	0	0	0	1	0	0	1	1	0	NA	0	0	1	0	0	NA	1	0	1	1	1	0	NA	1	0	0	1	1	NA	0	0	1	0	NA	0	0	1	0	0	1	1	0	1	1	1	1	1	0	0	1	1	NA	0	NA	RICKI	27.5333333333333	0
32	RICKI-012T	0	0	0	0	0	0	0	0	0	1	0	0	0	0	0	0	0	0	0	0	0	0	0	0	0	0	0	0	0	0	0	0	0	1	1	0	0	0	0	0	0	0	0	0	0	0	0	0	0	0	0	0	0	0	0	0	0	0	0	0	0	0	0	1	1	0	0	1	0	0	0	1	1	1	0	0	0	0	0	0	NA	1	1	NA	1	0	1	NA	0	0	0	1	1	1	0	NA	1	0	NA	0	0	1	1	0	1	1	0	NA	0	0	0	NA	0	0	1	0	0	NA	NA	RICKI	15.3225806451613	1
33	RICKI-013T	0	0	0	0	0	0	0	0	0	0	0	0	0	0	0	0	0	0	0	0	0	1	0	0	0	0	0	0	0	0	0	0	0	0	0	1	1	0	0	0	0	0	0	0	0	0	0	0	0	0	0	0	0	0	0	0	0	0	0	0	0	0	0	0	0	0	0	0	0	0	0	1	1	1	NA	1	0	0	1	0	NA	0	1	NA	1	1	0	NA	0	0	0	NA	1	NA	0	NA	0	NA	NA	0	0	1	NA	0	1	0	0	0	0	0	1	NA	0	0	1	0	0	1	NA	RICKI	18.8333333333333	0
34	RICKI-014T	0	0	0	0	0	0	1	0	0	0	0	0	0	0	0	0	0	0	0	0	0	0	0	0	0	0	1	0	0	0	0	0	0	0	0	0	0	1	1	1	0	0	0	0	0	0	0	0	0	0	0	0	0	0	0	0	0	0	0	0	0	0	0	1	0	0	0	0	0	0	0	1	0	0	0	1	0	0	0	0	1	1	0	NA	1	1	0	NA	0	0	0	1	1	1	1	0	0	0	NA	0	0	1	0	0	1	0	0	0	1	0	0	NA	1	0	1	0	0	0	NA	RICKI	1.19354838709677	0
35	RICKI-015T	0	0	0	0	0	0	0	0	0	0	0	0	0	0	0	0	0	0	0	0	0	0	0	1	0	0	0	0	0	0	0	1	0	0	0	0	0	0	1	0	1	1	0	0	0	0	0	0	0	0	0	0	0	0	0	0	0	0	0	0	0	0	0	NA	NA	0	0	1	NA	NA	NA	NA	1	0	0	0	0	0	0	0	NA	1	0	NA	1	NA	0	NA	1	NA	NA	NA	1	NA	0	NA	0	NA	NA	0	0	1	NA	0	1	0	0	0	0	0	NA	NA	0	0	NA	0	0	NA	NA	RICKI	13.9666666666667	0
36	RICKI-016T	0	0	0	1	0	0	0	0	0	0	0	0	0	0	0	0	1	0	0	0	0	0	0	0	0	0	0	1	0	0	0	0	0	0	0	0	0	0	0	0	0	0	1	0	0	0	0	0	0	0	0	0	0	0	0	0	0	0	0	0	0	0	0	0	0	0	0	0	0	0	0	0	1	0	0	0	0	1	0	0	NA	1	0	0	1	0	0	NA	0	1	0	NA	1	0	1	1	0	0	0	0	0	0	0	0	0	1	0	0	0	0	0	NA	0	0	1	0	0	0	NA	RICKI	29.7333333333333	0
37	RICKI-018T	0	0	0	0	0	0	0	0	0	0	0	0	0	0	0	0	0	0	0	0	0	0	0	0	0	0	0	0	0	0	0	1	0	0	0	0	0	0	0	0	0	0	0	0	0	0	0	0	0	0	0	0	0	0	0	0	0	0	0	0	0	0	0	0	0	0	0	1	0	0	0	0	0	0	0	0	0	0	0	0	NA	0	0	NA	0	0	0	NA	0	0	NA	NA	0	1	1	0	0	0	0	0	1	1	1	0	0	1	0	1	0	0	NA	1	0	0	1	0	NA	0	NA	RICKI	29.5666666666667	0
38	RICKI-019T	0	0	1	0	0	0	0	0	0	0	0	0	0	1	0	0	0	0	0	0	0	1	0	0	0	0	0	0	0	0	0	0	1	0	0	0	0	0	0	0	0	0	0	1	0	0	0	0	0	0	0	0	0	0	0	0	0	0	0	0	0	0	0	1	1	0	NA	1	0	1	0	1	0	0	1	1	NA	1	0	0	NA	1	0	1	NA	NA	0	NA	0	0	1	NA	1	1	NA	0	0	1	0	0	1	1	1	0	1	1	0	1	0	1	0	1	0	0	1	NA	0	0	NA	RICKI	27.1	0
39	RICKI-020T	0	0	0	0	0	0	0	0	0	0	0	0	0	0	0	0	0	0	0	0	0	1	1	0	1	1	0	0	0	0	0	0	0	0	0	0	1	0	0	0	0	0	0	0	1	1	0	0	0	0	0	0	0	0	0	0	0	0	0	0	0	0	0	1	0	1	NA	0	0	0	0	1	1	0	NA	0	NA	0	0	NA	NA	0	0	NA	0	NA	1	NA	0	NA	NA	NA	1	NA	0	NA	0	0	NA	0	0	1	0	0	1	1	0	1	0	0	NA	NA	0	0	NA	1	NA	1	NA	RICKI	20.9333333333333	0
40	RICKI-021T	0	0	1	0	0	0	0	0	1	0	0	0	0	0	0	0	0	0	0	0	0	1	0	0	0	0	0	1	0	0	0	0	0	0	0	0	0	1	0	0	0	1	0	0	0	0	1	1	1	0	0	0	0	0	0	0	0	0	0	0	0	0	0	NA	NA	0	0	0	NA	0	0	1	0	0	NA	1	0	1	0	NA	NA	1	0	1	NA	1	0	NA	0	1	0	1	1	NA	NA	0	0	NA	0	0	0	1	0	0	1	NA	0	1	0	0	NA	NA	0	0	1	0	0	1	NA	RICKI	3.80645161290323	1
41	RICKI-022T	0	0	0	0	0	0	0	0	0	0	0	0	0	0	0	0	0	0	0	0	0	0	1	0	0	0	0	0	0	0	0	0	0	0	0	0	0	0	0	0	0	0	0	0	0	0	1	0	0	0	0	0	0	0	0	0	0	0	0	0	0	0	0	0	0	0	NA	0	0	0	0	1	1	0	NA	1	0	0	0	NA	NA	1	0	NA	1	NA	1	NA	1	1	0	NA	1	NA	NA	NA	1	0	0	0	0	1	0	0	1	1	0	1	0	0	NA	NA	1	0	NA	0	NA	1	NA	RICKI	2.64285714285714	1
42	RICKI-023T	0	0	0	0	0	0	0	0	0	0	0	0	0	0	0	0	0	0	0	0	0	0	0	0	0	0	0	0	0	0	0	0	0	0	0	0	0	0	0	0	0	0	0	0	0	0	0	0	0	1	0	0	0	0	0	0	0	0	0	0	0	0	0	NA	0	1	0	0	1	0	0	NA	1	0	NA	0	0	0	0	NA	NA	1	0	NA	NA	1	1	NA	0	0	1	NA	1	1	NA	0	0	0	0	0	0	1	0	1	1	0	1	1	1	0	0	0	NA	0	NA	NA	1	NA	NA	RICKI	28.8	0
43	RICKI-025T	0	1	0	0	0	0	1	0	0	1	0	0	0	0	0	0	0	0	0	0	0	0	0	0	1	1	0	0	0	0	0	0	0	0	0	0	0	0	0	0	0	1	0	1	0	0	1	0	0	0	0	1	1	0	0	0	0	0	0	0	0	0	0	1	0	0	0	1	0	0	0	1	1	0	1	1	0	0	0	0	NA	1	0	NA	1	1	0	NA	0	NA	0	NA	1	NA	0	0	0	NA	1	1	1	1	0	1	1	1	0	1	0	0	NA	NA	1	0	1	0	0	1	NA	RICKI	28.7333333333333	0
44	RICKI-026T	0	0	1	0	0	0	0	1	0	0	0	0	0	0	0	0	0	0	0	0	1	0	0	0	0	0	0	0	0	0	0	0	0	0	0	0	0	0	0	0	0	0	0	0	0	0	0	0	0	0	0	0	0	0	0	0	0	0	0	0	0	0	0	NA	0	0	0	0	NA	0	NA	1	0	0	NA	NA	0	1	1	0	NA	1	0	NA	1	1	0	NA	0	NA	NA	NA	NA	NA	0	NA	0	0	0	0	0	1	NA	0	1	1	0	1	1	0	NA	NA	0	1	NA	1	NA	NA	NA	RICKI	32.4	0
45	RICKI-028T	1	0	0	0	0	0	0	0	0	0	0	0	1	0	0	0	1	0	0	0	0	0	0	0	0	0	0	0	0	0	0	0	0	0	0	0	0	0	0	0	0	0	0	0	0	0	0	0	0	0	0	0	0	1	0	0	0	0	0	0	0	0	0	NA	1	0	0	0	0	0	0	1	0	1	0	0	1	1	0	0	NA	0	0	NA	1	1	0	NA	1	0	1	0	1	NA	1	0	0	0	0	0	1	1	0	0	1	0	0	1	0	0	0	1	1	0	1	0	0	1	NA	RICKI	21.0333333333333	0
46	RICKI-029T	0	0	0	0	0	0	0	0	0	1	0	0	0	0	0	0	0	0	0	0	0	0	0	0	0	0	0	0	0	0	0	1	0	0	0	1	0	0	0	0	0	0	0	0	0	0	0	0	0	0	0	0	0	0	1	0	0	0	0	0	0	0	0	0	0	0	0	0	0	0	0	0	0	0	0	1	0	0	0	0	NA	0	0	NA	0	1	0	NA	0	NA	0	NA	1	NA	0	0	0	0	0	0	0	0	0	0	1	0	0	1	0	0	0	NA	0	NA	1	0	0	0	NA	RICKI	20.4666666666667	0
47	RICKI-031T	0	0	0	0	0	1	0	1	1	0	0	0	1	0	1	1	0	0	0	0	0	0	0	0	0	0	0	1	0	0	0	0	0	0	0	0	0	0	0	0	0	1	0	0	1	0	0	0	0	0	0	0	0	0	0	0	1	1	0	0	0	0	0	0	0	0	0	1	0	0	0	1	1	1	0	0	0	1	0	0	NA	1	0	1	1	1	0	NA	0	1	0	1	1	0	1	0	0	0	0	0	0	1	0	0	1	1	0	0	0	0	0	1	0	0	1	0	0	1	NA	RICKI	18.7333333333333	0
48	RICKI-032T	0	0	0	0	0	0	0	0	0	1	0	0	0	0	0	0	0	1	0	1	0	0	0	0	0	1	0	0	0	0	0	1	0	0	0	0	0	0	0	0	0	0	0	0	0	0	0	0	0	0	0	0	0	0	0	1	0	0	0	0	0	0	0	1	0	0	0	0	0	0	0	1	0	0	0	0	0	0	0	0	1	0	0	1	1	1	0	1	1	0	0	1	1	1	0	1	0	1	1	1	0	0	0	0	1	1	0	1	0	0	0	1	0	0	1	1	0	NA	1	RICKI	10.4	0
49	RICKI-033T	0	0	0	0	0	0	0	0	0	1	0	1	1	0	0	0	0	0	0	0	0	0	0	0	0	0	0	0	0	1	0	0	0	0	0	0	0	1	0	0	0	1	0	0	0	0	0	0	0	0	0	0	0	0	0	0	0	1	0	0	0	0	0	0	1	0	0	0	1	0	0	1	1	0	0	1	0	1	0	0	1	1	0	0	1	0	0	0	0	0	0	1	0	1	0	0	0	0	0	0	0	1	1	0	0	0	0	0	0	0	0	0	0	0	1	0	0	0	1	RICKI	16.0322580645161	0
50	RICKI-035T	0	0	0	0	0	0	0	0	0	0	0	0	0	0	1	0	0	0	0	0	0	1	0	0	1	0	0	0	0	0	0	1	1	0	0	0	0	0	1	0	0	0	0	0	0	0	0	1	0	0	0	0	0	0	0	0	0	0	1	0	0	0	0	1	0	0	0	0	0	0	0	1	1	0	0	0	0	1	0	0	1	1	1	1	1	0	0	NA	0	0	0	1	1	1	0	0	0	0	0	0	0	1	0	0	1	1	0	1	1	0	0	1	0	0	1	0	0	0	1	RICKI	15.3666666666667	0
51	RICKI-037T	0	0	0	0	1	0	0	1	0	0	1	0	0	0	0	0	0	0	0	0	0	0	0	0	0	0	0	0	0	0	0	0	0	0	0	0	0	0	1	0	0	1	0	0	0	1	0	0	0	0	0	0	0	0	0	0	0	1	0	0	0	0	0	1	1	0	0	0	0	0	0	0	1	0	0	0	0	0	0	0	1	1	0	1	1	1	0	NA	0	0	0	1	1	0	0	0	0	0	0	0	0	0	0	0	0	0	0	0	0	0	0	0	0	0	1	0	0	0	NA	RICKI	18.1666666666667	0
52	RICKI-038T	0	0	0	0	0	0	0	0	0	0	0	0	1	1	0	0	0	0	0	1	0	0	0	0	1	0	0	0	0	0	0	0	0	1	0	0	1	0	0	0	0	0	0	0	0	0	0	0	0	0	0	0	0	0	0	0	0	0	0	0	0	0	0	1	0	0	0	0	0	0	0	1	1	0	0	1	0	0	1	1	0	1	0	1	1	1	0	1	0	0	0	1	1	1	0	0	0	1	0	0	0	1	0	1	1	1	0	1	0	1	0	1	1	0	1	0	0	1	1	RICKI	17.3666666666667	0
53	RICKI-039T	0	0	0	0	0	0	0	0	1	0	0	0	0	0	0	0	0	0	0	0	1	0	0	0	0	0	0	0	0	0	0	0	0	0	1	0	1	0	1	0	0	0	0	0	1	1	0	0	0	0	0	0	0	1	0	0	0	0	0	0	0	0	0	1	0	0	0	0	0	0	0	1	1	0	0	1	0	0	0	0	1	1	0	0	0	1	0	1	0	0	0	1	1	0	0	0	0	0	1	0	0	0	0	0	1	1	0	1	0	0	0	0	0	0	1	0	0	1	NA	RICKI	16.6	0
54	RICKI-040T	0	0	0	0	0	0	0	0	1	1	0	0	1	1	0	0	1	0	0	0	1	0	0	1	0	1	0	0	0	0	1	1	0	0	1	0	0	1	0	1	0	1	0	1	1	0	0	0	0	0	1	0	0	0	0	1	0	0	0	1	0	0	0	0	0	0	0	0	0	0	0	0	1	0	0	0	0	0	0	0	NA	1	0	NA	1	1	0	1	0	NA	0	NA	1	NA	0	NA	0	0	0	0	0	1	NA	1	0	1	0	1	0	0	NA	NA	NA	0	1	0	NA	1	NA	RICKI	16.3666666666667	0
55	RICKI-041T	0	0	0	0	0	0	0	0	0	0	0	0	0	0	0	0	0	0	0	1	0	1	0	0	0	0	0	0	0	1	0	0	0	0	1	0	1	0	0	0	0	0	0	0	0	0	0	0	0	0	0	0	1	0	0	0	0	0	0	0	0	0	0	1	0	0	0	0	0	0	0	1	0	0	0	0	1	0	0	1	1	1	0	1	1	1	0	1	1	1	0	1	1	1	0	1	1	0	0	0	0	1	0	0	1	1	0	1	0	0	0	1	0	1	1	1	1	1	NA	RICKI	16.3333333333333	0
56	RICKI-042T	1	0	0	0	0	0	0	0	0	1	0	0	1	0	0	0	0	0	0	0	0	1	1	0	0	0	0	0	1	0	1	1	0	0	0	0	0	0	1	0	0	0	0	0	0	1	0	0	0	0	0	0	0	0	0	0	0	1	0	0	0	0	0	0	1	0	1	1	0	0	0	1	1	1	0	1	0	0	1	0	1	1	0	1	1	1	0	1	1	0	0	1	1	1	0	0	0	0	NA	0	1	1	0	0	1	1	0	1	0	1	0	1	1	0	1	1	0	1	1	RICKI	15.7666666666667	0
57	RICKI-043T	0	0	0	0	0	0	0	0	0	0	0	0	0	0	0	0	0	0	0	1	0	0	0	0	0	0	1	1	0	0	0	0	0	0	0	0	0	0	0	0	0	0	0	1	0	0	0	0	1	0	0	0	0	0	0	0	1	0	0	0	0	0	0	1	0	0	0	0	0	0	1	1	1	0	1	0	0	0	0	0	1	1	0	NA	1	0	0	1	0	0	0	1	1	0	0	0	0	0	0	0	0	0	0	0	1	1	0	0	0	1	0	1	0	0	1	0	0	1	0	RICKI	15.5666666666667	0
58	RICKI-044T	0	0	0	0	0	0	0	0	0	0	0	0	0	0	0	0	0	0	0	1	0	1	0	0	0	1	0	0	0	0	0	0	0	0	0	0	0	0	1	0	0	0	0	0	0	0	0	0	0	0	0	0	0	0	0	0	0	0	0	0	0	0	0	1	0	0	0	1	1	0	0	0	0	0	0	0	0	1	0	0	1	1	0	1	1	1	0	1	0	0	1	1	1	1	0	0	0	0	0	0	0	0	0	0	1	0	0	0	0	1	0	1	0	0	1	0	0	1	0	RICKI	11.9333333333333	0
59	RICKI-045T	0	0	0	0	0	0	0	0	0	0	0	1	0	0	0	0	0	0	0	1	0	0	0	0	1	0	0	1	0	1	0	0	0	0	0	0	1	0	1	0	0	0	0	0	0	0	0	0	0	0	1	0	0	0	0	1	0	0	1	0	0	0	0	1	0	0	1	0	1	0	0	1	0	1	0	1	0	0	0	0	1	0	0	NA	1	0	0	1	0	0	0	1	0	1	0	NA	1	0	0	1	0	1	0	1	1	1	0	1	0	1	0	NA	0	0	1	0	0	0	NA	RICKI	8.43333333333333	1
60	RICKI-046T	0	0	0	0	0	0	0	0	0	0	0	0	0	0	0	0	0	0	0	0	0	1	0	0	0	0	0	0	0	0	1	0	0	0	0	0	0	0	0	0	0	0	0	0	0	0	0	0	0	0	0	0	0	0	0	0	0	0	0	0	1	0	0	0	0	1	0	0	0	0	0	1	0	0	0	1	0	0	0	0	1	1	0	0	1	0	0	1	0	0	0	1	1	1	0	1	0	0	1	1	0	1	0	0	0	1	0	0	0	0	0	1	0	0	1	0	0	0	NA	RICKI	60.0333333333333	0
61	RICKI-048T	0	0	0	0	0	0	0	0	0	1	0	0	0	1	0	0	0	0	0	0	0	0	1	1	1	0	0	1	0	0	0	0	0	0	0	0	0	1	0	0	0	0	0	0	0	0	0	0	0	0	0	0	0	0	0	0	0	0	0	0	0	0	0	1	0	0	0	0	0	0	1	1	1	0	0	1	0	0	0	0	0	1	0	NA	1	1	0	1	1	1	0	1	1	1	0	1	0	0	0	0	0	1	0	1	1	1	0	1	0	0	0	NA	0	0	1	1	NA	0	NA	RICKI	19.0645161290323	1
62	RICKI-049T	0	0	0	0	0	0	0	0	0	0	0	0	0	0	0	0	0	0	0	1	0	0	0	0	0	0	0	0	0	0	0	1	0	0	0	0	0	0	1	0	0	0	0	0	0	0	0	0	0	0	0	0	0	0	0	0	0	0	0	0	0	0	0	0	0	0	0	0	0	0	1	1	1	0	0	0	0	0	0	0	1	0	0	NA	0	0	0	1	0	0	0	1	1	1	0	0	0	0	0	0	1	1	0	0	1	1	0	1	0	0	0	NA	0	0	0	0	0	0	0	RICKI	71.9677419354839	0
63	RICKI-050T	0	1	0	0	0	0	0	0	0	1	0	1	0	0	0	0	0	0	0	0	0	0	0	0	0	0	0	0	0	0	0	0	0	1	1	0	0	0	0	0	0	0	0	0	0	0	0	1	0	0	0	0	0	0	0	0	0	0	0	0	0	1	0	1	0	0	0	0	0	1	0	1	0	1	0	1	0	1	0	1	1	1	0	1	1	1	0	1	0	0	0	1	1	1	0	1	0	0	1	0	0	1	0	0	1	1	0	1	0	0	1	0	0	0	1	0	1	1	1	RICKI	7.16129032258065	0
64	RICKI-051T	0	0	0	0	1	0	0	0	1	0	0	0	1	0	0	0	0	0	0	0	0	1	0	0	0	0	1	0	0	0	0	1	1	0	0	0	0	0	0	1	0	0	0	0	0	0	0	0	0	0	0	0	0	0	0	0	1	1	0	0	0	0	0	1	0	0	0	0	0	0	0	1	0	0	0	0	0	0	0	0	1	1	0	1	1	0	0	1	0	0	0	0	0	0	0	0	0	0	0	0	0	1	0	0	1	1	0	0	0	0	0	0	0	0	1	0	0	1	0	RICKI	8.26666666666667	0
65	RICKI-053T	0	0	0	0	0	0	0	0	0	0	0	0	0	0	0	0	0	0	0	0	0	1	0	0	0	0	0	0	1	0	1	0	0	0	0	0	0	0	1	0	0	0	0	0	0	0	0	0	1	0	0	0	0	0	1	0	0	1	0	0	0	0	0	1	1	1	1	0	0	0	0	1	0	0	1	1	0	1	0	0	NA	1	1	1	1	1	0	1	0	0	1	1	1	1	0	0	0	0	0	0	0	1	1	0	1	1	0	1	0	1	1	1	0	1	1	0	0	1	1	RICKI	59.3666666666667	0
66	RICKI-054T	0	0	0	0	0	0	0	0	0	0	0	0	0	0	0	0	0	0	0	0	0	0	0	0	0	0	0	0	0	0	0	0	1	0	0	0	0	0	0	0	0	0	0	0	0	0	0	0	0	0	0	0	0	0	0	0	0	0	0	0	0	0	0	1	0	0	0	0	0	0	0	1	1	0	0	0	0	0	1	0	NA	1	0	1	1	0	0	1	0	0	0	1	1	1	0	1	0	0	1	0	0	1	0	0	1	1	0	1	0	0	0	NA	0	0	1	1	0	1	1	RICKI	61.8709677419355	0
67	RICKI-055T	0	0	0	0	0	0	0	0	0	0	0	0	0	1	0	0	0	0	0	0	0	0	0	0	0	0	0	0	0	0	0	1	0	0	0	0	0	0	0	0	0	0	0	0	0	0	0	0	0	0	0	0	0	0	0	0	0	0	0	0	1	0	0	1	0	0	0	0	0	0	0	0	1	0	0	1	0	0	0	0	1	1	0	NA	1	1	0	0	1	0	1	0	1	1	0	0	0	0	0	0	0	1	0	0	0	0	0	0	0	0	1	NA	0	1	1	0	0	1	NA	RICKI	49.3225806451613	1
68	RICKI-060T	0	0	0	0	0	1	0	0	0	0	0	0	0	0	0	0	0	0	0	0	0	0	1	0	0	0	0	0	0	0	0	0	0	0	0	0	0	0	0	1	0	0	0	0	0	0	0	0	0	0	0	0	0	0	0	0	0	0	0	0	0	0	1	1	0	0	1	1	1	0	0	0	1	1	1	0	0	0	0	0	0	1	0	1	1	1	1	NA	1	0	0	0	1	1	0	0	1	0	1	1	1	1	0	0	1	1	0	1	0	1	0	0	0	0	1	1	0	1	1	RICKI	2.66666666666667	1
69	RICKI-061T	1	0	0	0	0	0	0	0	0	0	0	0	0	0	0	0	0	0	0	1	0	0	0	0	0	0	0	0	0	0	0	0	0	0	1	0	0	0	0	0	0	0	0	0	0	0	0	0	0	0	0	0	0	0	0	0	0	0	1	0	0	0	0	1	0	0	0	0	0	0	0	1	0	0	0	0	0	1	0	0	1	1	0	1	1	0	0	1	0	0	0	1	1	1	0	0	0	0	1	0	0	0	0	0	1	0	0	1	0	0	0	1	0	1	1	0	0	0	NA	RICKI	18.2258064516129	1
70	RICKI-062T	0	0	0	0	0	0	0	0	1	0	0	0	0	0	0	0	0	0	0	0	0	0	0	1	0	0	0	0	0	1	1	0	0	0	0	0	0	1	0	1	0	0	0	0	0	0	1	0	1	0	0	0	0	0	0	0	0	0	0	0	0	0	0	0	0	0	0	0	0	0	0	1	1	0	1	1	0	0	0	0	1	1	0	1	1	1	0	1	1	0	0	1	1	1	0	0	0	0	0	0	0	1	0	0	1	1	0	0	0	1	1	1	0	0	1	1	0	1	1	RICKI	9.74193548387097	1
71	RICKI-064T	0	0	0	0	0	0	0	0	0	0	0	0	0	0	0	0	0	0	0	0	0	0	0	0	1	0	0	0	0	0	0	0	0	0	0	0	1	0	0	0	0	0	0	0	0	0	0	0	0	0	0	0	0	0	0	0	0	0	0	0	0	0	0	1	0	0	0	0	0	0	NA	1	1	1	0	0	0	0	0	0	0	0	0	0	1	0	0	1	0	0	0	1	0	1	0	0	0	0	0	0	0	0	0	0	1	0	0	0	0	0	0	1	0	0	0	1	0	NA	NA	RICKI	16.7666666666667	1
72	RICKI-065T	0	0	0	0	0	0	1	0	0	1	0	0	1	0	0	0	0	0	1	0	0	0	0	0	0	0	0	0	0	0	1	0	0	0	0	0	0	0	0	0	0	0	0	0	0	0	0	0	0	0	0	0	0	0	0	0	1	0	1	0	0	0	1	0	0	0	1	1	0	1	0	1	1	0	0	0	0	0	0	0	NA	1	0	1	1	1	0	1	1	1	0	1	1	1	0	0	0	0	0	0	0	0	0	0	1	1	0	1	0	0	1	1	1	0	1	0	0	1	NA	RICKI	64.3666666666667	0
73	RICKI-066T	0	0	0	1	1	0	0	0	0	0	0	0	0	0	0	0	0	0	0	0	0	0	0	1	0	0	0	0	0	1	1	0	0	0	0	0	1	1	0	0	0	0	0	0	0	0	0	0	0	0	0	0	0	0	0	0	0	0	0	0	0	0	0	1	0	0	1	1	1	0	0	1	1	0	0	0	0	0	0	0	1	1	0	1	1	1	0	1	0	0	0	1	1	1	0	0	0	0	1	0	1	1	0	0	1	1	0	1	0	0	1	NA	0	0	1	0	0	1	NA	RICKI	76.2666666666667	0
74	RICKI-067T	0	0	0	0	1	0	0	0	0	0	0	0	0	0	0	0	0	1	0	0	1	0	1	0	1	0	0	0	0	0	0	0	1	1	1	0	0	0	0	0	0	0	0	0	0	0	0	0	0	0	1	0	0	0	1	0	0	1	1	0	1	0	0	1	0	1	0	0	0	0	0	1	0	0	0	0	0	1	0	0	0	1	0	NA	1	1	1	1	0	1	0	1	1	1	0	0	0	0	0	0	0	1	1	1	0	0	1	1	0	1	1	1	0	0	1	0	0	1	1	RICKI	63.4333333333333	0
75	RICKI-070T	0	0	0	0	0	0	0	1	0	0	0	0	0	0	0	0	0	0	0	0	0	1	0	0	1	0	0	0	0	0	0	0	0	1	0	0	1	0	0	0	0	0	0	0	0	0	0	0	0	0	0	0	0	0	0	0	0	0	0	1	0	0	0	1	0	0	0	0	0	1	0	1	1	0	1	0	0	0	1	0	0	1	0	1	1	0	0	1	1	0	0	1	1	1	0	0	0	0	0	1	1	1	1	0	1	0	0	1	0	0	0	1	0	0	1	0	0	1	1	RICKI	59.2666666666667	0
76	RICKI-071T	0	0	0	0	0	0	0	0	0	0	0	0	0	1	0	0	0	0	0	0	0	0	0	0	0	0	0	0	0	0	0	1	0	0	0	0	0	0	1	1	0	0	0	0	0	0	1	0	0	0	0	0	0	0	0	0	0	0	0	0	0	0	0	1	0	0	0	0	0	0	0	1	1	0	0	0	0	0	0	0	1	1	0	1	1	1	0	1	0	0	0	1	1	1	0	0	0	0	0	0	0	1	0	0	1	1	0	0	0	0	0	1	0	0	1	0	0	1	1	RICKI	60.2666666666667	0
77	RICKI-072T	0	0	0	0	0	0	0	0	0	0	0	0	0	0	0	0	0	0	0	1	0	0	0	0	0	1	1	0	0	0	0	0	0	0	0	1	0	0	0	0	0	0	0	0	0	0	0	0	1	1	0	0	0	0	0	0	0	0	0	0	0	0	0	1	0	0	0	0	0	0	0	0	0	0	0	0	0	0	0	0	1	1	0	0	0	0	0	1	0	0	0	0	0	0	0	0	0	0	1	0	0	0	1	1	1	0	0	0	0	0	0	1	0	0	0	0	0	0	NA	RICKI	18.1785714285714	0
78	RICKI-073T	0	0	0	0	0	0	0	0	0	0	0	0	0	0	0	0	1	0	0	0	0	1	1	0	0	0	0	0	0	0	0	0	0	0	0	1	0	0	1	0	0	0	0	0	0	0	0	0	0	0	0	0	0	0	0	0	1	0	1	0	0	1	0	1	0	0	0	0	0	0	0	1	1	0	0	1	0	1	0	0	1	1	0	1	1	1	0	1	0	0	0	1	1	1	0	1	0	0	1	0	0	1	0	0	1	1	0	1	0	1	0	1	0	0	1	0	0	1	NA	RICKI	61.1333333333333	0
79	RICKI-074T	0	0	0	0	1	0	0	0	0	0	0	0	0	0	0	0	0	0	0	0	1	0	0	0	0	0	0	0	0	0	0	0	0	0	0	0	0	0	0	0	0	0	0	0	0	0	0	0	0	0	0	0	0	0	0	0	0	0	0	0	0	0	0	1	0	0	0	0	0	0	0	0	1	0	0	1	0	0	1	0	1	1	0	NA	1	1	1	1	1	0	0	1	1	1	0	0	0	0	0	0	0	1	0	1	1	1	0	1	0	0	0	NA	0	0	1	0	0	0	1	RICKI	71.8	0
80	RICKI-075T	1	0	0	0	0	0	0	0	0	0	0	0	0	0	0	0	0	0	1	0	0	0	0	1	0	0	0	0	0	0	1	0	0	0	0	0	0	0	0	0	0	0	0	0	0	1	0	0	0	0	0	0	0	0	0	0	0	0	0	0	0	0	0	1	0	0	0	0	0	0	0	1	0	0	0	0	0	1	0	0	1	1	0	1	1	1	0	1	0	0	0	1	1	1	0	0	0	0	1	0	0	1	0	0	1	0	0	1	0	1	1	1	0	0	1	0	0	1	1	RICKI	61.4666666666667	0
81	RICKI-076T	0	0	0	0	0	0	1	0	0	1	0	0	0	0	0	0	0	0	0	0	0	0	0	0	0	0	0	0	0	0	0	0	0	0	0	0	1	0	1	0	0	0	0	0	0	0	0	0	0	0	0	0	0	0	0	0	0	0	0	0	0	0	0	1	0	0	0	0	0	0	0	1	0	0	0	0	0	0	0	0	1	1	0	1	1	1	0	1	0	0	0	1	1	1	0	0	0	0	0	0	0	1	0	0	1	0	0	0	0	0	0	1	1	0	1	0	0	1	1	RICKI	62.741935483871	0
82	RICKI-077T	1	0	0	0	0	0	1	0	0	0	0	0	0	0	0	0	0	0	1	0	0	0	1	0	0	0	0	0	0	1	0	0	1	0	0	1	0	1	0	0	0	0	1	0	0	0	0	1	0	1	0	0	0	0	0	0	0	0	0	0	0	1	1	1	0	0	0	0	0	0	0	1	1	0	0	0	0	0	0	0	1	0	0	1	1	1	1	1	0	0	0	1	1	1	0	1	0	0	1	0	1	0	0	1	1	0	0	0	0	1	0	1	0	0	1	0	0	0	NA	RICKI	10.9666666666667	1
83	RICKI-078T	0	0	0	0	0	0	0	0	0	1	0	0	0	1	0	0	0	0	0	0	0	1	0	0	0	0	0	0	0	0	0	0	1	0	0	1	0	0	0	1	0	0	0	0	0	0	1	0	0	0	0	0	0	0	0	0	0	0	0	0	0	0	0	1	0	0	0	0	0	0	0	0	0	0	0	0	0	0	0	0	1	0	0	1	1	1	0	1	0	0	0	1	1	0	0	0	0	0	0	1	1	1	0	1	1	0	0	0	0	0	1	1	0	0	1	0	0	1	1	RICKI	60.7096774193548	0
84	RICKI-079T	0	0	1	0	0	1	0	0	0	0	0	0	0	0	0	0	0	0	0	0	0	0	1	0	0	0	0	0	0	0	0	0	0	0	0	0	0	0	0	0	0	0	0	1	0	0	0	0	0	1	0	0	0	0	0	0	0	0	0	0	0	0	0	1	0	0	0	0	0	0	0	0	1	0	0	0	0	0	0	0	1	1	0	1	1	0	0	0	0	1	0	1	1	0	0	0	0	0	0	0	0	1	0	0	1	1	0	1	0	0	0	0	0	0	0	0	0	0	1	RICKI	59.741935483871	0
85	RICKI-080T	0	0	0	0	0	1	0	0	1	0	0	0	1	0	0	0	0	0	0	0	0	0	0	0	0	0	0	0	0	0	1	0	0	0	1	0	1	0	0	0	0	0	0	0	0	0	0	0	1	0	0	0	0	0	0	0	0	0	0	0	0	0	0	1	0	0	0	0	0	1	0	0	1	0	0	0	0	0	0	0	1	1	0	1	1	1	0	1	0	0	0	1	1	1	0	0	0	0	1	0	0	1	0	0	1	0	0	0	1	0	0	1	0	0	1	0	0	1	1	RICKI	60.0666666666667	0
86	RICKI-081T	0	0	0	0	0	0	0	0	0	0	0	0	1	0	0	0	0	0	0	0	0	0	0	0	0	0	0	0	0	0	0	0	1	0	0	0	0	0	0	1	1	1	0	1	0	0	0	0	0	0	0	1	0	0	0	0	0	0	0	0	0	0	1	0	0	0	0	0	0	0	1	1	0	0	0	0	0	0	0	0	0	1	0	0	1	1	0	1	0	0	1	1	0	0	1	0	0	1	1	0	0	1	0	1	1	1	0	0	0	1	0	1	0	0	1	0	1	0	1	RICKI	53.7741935483871	0
87	RICKI-082T	0	0	0	0	0	0	0	0	1	1	1	0	0	0	0	0	0	0	0	1	0	0	0	0	0	0	1	0	0	0	0	0	0	0	1	0	0	0	0	0	0	0	1	0	0	0	0	0	0	0	0	1	1	0	0	0	0	0	0	0	0	0	0	1	1	0	0	0	0	0	0	1	1	0	0	0	0	0	0	0	0	0	0	1	1	1	0	1	0	0	1	1	1	1	0	0	0	0	0	0	0	1	0	0	1	1	0	1	0	0	1	0	0	0	1	0	0	NA	NA	RICKI	62.5	0
88	RICKI-083T	0	0	1	0	0	0	0	0	1	1	0	0	0	0	0	0	1	0	0	0	0	0	0	0	1	1	0	0	0	0	0	0	0	0	0	0	0	0	0	0	0	0	0	0	0	0	0	0	0	0	0	0	0	1	1	0	0	0	1	1	0	0	0	1	0	0	1	0	0	0	0	0	1	0	0	1	0	0	0	0	1	1	0	1	1	1	0	1	1	0	1	1	1	1	0	0	0	0	NA	0	0	1	0	0	1	0	0	1	0	1	1	1	0	0	1	0	0	1	1	RICKI	3.9	0
89	RICKI-084T	1	0	0	1	0	0	0	0	0	0	0	0	1	0	0	0	0	0	0	1	0	0	0	0	0	0	0	0	0	0	0	0	0	1	0	0	0	1	1	0	0	0	0	0	0	0	0	0	0	0	0	0	0	0	0	0	0	0	0	0	0	0	0	0	1	0	0	0	0	0	0	1	0	1	0	0	0	0	0	0	1	1	0	NA	1	1	0	1	0	0	0	1	1	1	0	0	0	1	1	0	0	1	0	1	1	1	0	1	0	0	0	NA	1	0	1	0	0	1	1	RICKI	17.0666666666667	0
